1005.822400 0.137430 8.846419
1359.744980 0.098421 9.761325
1085.324527 0.125256 9.225744
1174.062584 0.113330 9.321632
1314.020838 0.100827 9.927054
1435.236073 0.092563 10.334569
1296.038947 0.103839 9.664991
1168.110047 0.115525 9.351002
1278.487858 0.105633 9.941746
1420.461637 0.094851 10.395537
1423.324902 0.093355 10.207802
1467.424749 0.091014 10.399109
1634.041814 0.081004 10.837840
1243.118190 0.110507 9.952003
1719.786506 0.075047 11.047884
1754.449868 0.074103 11.109949
1834.429960 0.070386 11.205872
1636.438073 0.080554 10.623192
1782.373105 0.072852 11.104674
1509.032675 0.089799 10.736527
2326.806434 0.056817 12.208717
2033.765165 0.062342 11.445413
1900.243800 0.067465 11.363099
2453.005071 0.051289 11.928868
3082.385063 0.041497 13.403847
2447.615287 0.052998 12.582115
2843.574134 0.044029 12.760095
2655.696240 0.047736 12.106154
3752.718971 0.034989 14.335111
3600.530207 0.035775 14.314750
3617.839049 0.035556 13.955406
3413.398428 0.038390 14.151437
3284.228055 0.038709 13.671414
2535.151587 0.050627 12.398556
2776.971006 0.046990 13.122249
2624.883401 0.048832 12.754350
3707.660226 0.035105 14.425973
5528.353744 0.026726 14.818283
5640.110332 0.026276 14.528860
3469.779311 0.037580 14.143127
4393.094659 0.030621 15.068773
4785.235758 0.028752 15.044455
5949.705382 0.025763 14.232041
6802.986834 0.025002 13.279983
4887.599639 0.028446 15.050511
4055.336419 0.031935 14.761629
6142.974515 0.025559 14.059191
5947.544855 0.025768 14.212646
3501.359080 0.037423 14.050031
6328.115850 0.025340 13.766764
3146.838989 0.040546 13.545128
6421.034267 0.025282 13.750020
6441.825515 0.025274 13.727128
4964.195936 0.028028 15.071092
5480.683247 0.026802 14.855464
4181.381827 0.030975 13.530882
4323.846321 0.030726 14.754168
6864.335833 0.024962 13.167583
5884.562673 0.026045 14.456261
4610.165029 0.029393 14.923901
3188.076325 0.039480 13.210795
6873.149723 0.024956 13.151660
5265.429745 0.027309 15.033433
4899.664493 0.028258 14.307995
5514.023262 0.026741 14.841018
6884.310550 0.024950 13.131577
6668.304819 0.025138 13.538951
6888.781095 0.024948 13.123557
5717.616776 0.026222 14.579902
6912.207074 0.024937 13.082990
6873.445738 0.024955 13.144700
6969.913535 0.024909 12.980441
6974.602305 0.024907 12.972308
6542.854187 0.025159 13.509071
1159.357163 0.122532 9.686284
1293.599874 0.108034 10.073332
1184.543795 0.115464 9.579987
1469.527366 0.098360 10.755783
1332.004696 0.100434 9.819666
1905.516081 0.067246 11.134177
1829.770104 0.070994 11.121406
1713.999005 0.078402 11.237113
1828.597054 0.073930 11.644156
2102.218423 0.061277 11.480729
2184.069625 0.058735 11.541429
2046.438736 0.064482 11.724602
2316.765004 0.057140 12.729629
2403.778098 0.053239 12.668600
2121.778713 0.060235 12.098967
2919.479178 0.043827 12.971090
2033.337554 0.064880 11.928743
2586.352132 0.049313 12.907458
3111.179304 0.041170 13.497015
2710.447889 0.046574 12.729473
3232.334772 0.040075 13.656467
2489.533242 0.051024 12.160711
2568.069647 0.049578 12.454933
2451.190430 0.053089 12.938956
2399.091407 0.054465 12.483472
2667.307302 0.047880 12.855681
2323.853404 0.055654 12.183041
3755.858331 0.034973 14.255902
2390.357736 0.054921 12.680657
3112.360626 0.041006 13.380310
3267.356395 0.039167 12.803559
2843.357641 0.044286 12.509051
3232.019100 0.040570 13.915122
2977.053487 0.041898 12.570318
3314.012445 0.038065 14.017250
3337.076111 0.037520 12.769102
3469.279521 0.036387 13.372113
2766.425923 0.046331 13.067562
3067.592635 0.041403 12.666438
2685.791985 0.047386 12.334019
4612.878572 0.029317 14.306612
3602.255537 0.035678 13.879026
3779.949068 0.034250 14.355383
3371.819139 0.037322 13.406352
3631.249060 0.035336 14.019147
5606.410966 0.026297 14.560630
2509.081306 0.050499 11.963139
3802.203127 0.033488 14.253549
5999.591919 0.025758 14.109574
6025.208819 0.025705 14.088396
6366.109557 0.025333 13.726204
6418.701582 0.025275 13.656827
6563.130345 0.025144 13.466799
6645.173074 0.025084 13.357662
6164.079712 0.025539 13.940858
6479.919262 0.025237 13.622467
6220.393387 0.025472 13.855747
6864.723840 0.024961 13.083464
6237.987450 0.025465 13.865881
6810.547800 0.024987 13.126702
6283.336907 0.025443 13.850234
6781.886908 0.025013 13.181891
6613.819051 0.025108 13.440271
6622.015631 0.025100 13.436877
6643.353083 0.025086 13.423839
6790.249766 0.025004 13.263678
6828.665395 0.024982 13.205287
4033.211438 0.032217 14.391482
3512.891813 0.035901 13.756178
6756.540379 0.025040 13.367586
3909.679686 0.033286 14.469547
5589.275778 0.026408 14.651637
5875.756280 0.025904 14.347072
4958.313180 0.028204 15.072721
5349.797007 0.026879 14.840657
6974.602305 0.024907 12.972308
5933.986348 0.025858 14.268735
6349.118607 0.025343 13.825824
5797.052313 0.026105 14.514726
6383.071534 0.025319 13.798274
5797.968394 0.026100 14.511048
5358.199249 0.026816 14.843470
6397.719437 0.025310 13.786987
5370.675624 0.026782 14.830245
5304.639948 0.026901 14.821984
5151.875165 0.027477 14.975353
6709.329500 0.025060 13.380581
5085.717651 0.027689 15.087313
6185.969942 0.025509 13.997512
2035.786458 0.066772 12.175014
2206.678969 0.063070 12.600096
3156.135429 0.042226 13.817891
2290.931489 0.059754 12.672021
3057.398333 0.043350 14.000961
2810.261767 0.048094 13.513000
3987.674509 0.034491 15.095832
3381.570772 0.039664 14.391955
5056.996665 0.028171 15.135673
6800.757560 0.025004 13.283760
6943.881959 0.024920 13.025866
6943.899256 0.024920 13.025835
3604.586804 0.037005 14.731390
2974.379186 0.045562 13.876463
6974.602305 0.024907 12.972308
3424.128965 0.038886 14.389967
6286.780852 0.025443 13.915031
4947.644321 0.029106 15.297632
6676.269798 0.025072 13.412869
6566.086244 0.025156 13.580482
6712.917513 0.025044 13.356189
3849.846958 0.034619 14.884502
6746.132042 0.025024 13.315424
6794.915088 0.025004 13.274516
5638.252596 0.026356 14.596526
5730.562950 0.026136 14.536249
5936.162349 0.025828 14.303343
5710.406534 0.026191 14.533078
6368.507247 0.025338 13.799012
6522.187324 0.025203 13.631833
5662.558890 0.026340 14.654625
4546.806924 0.030585 15.110744
6070.240081 0.025637 14.119440
5829.462840 0.025934 14.372809
6837.484865 0.024978 13.216438
6045.028439 0.025675 14.167691
1041.831282 0.136892 9.207994
1067.009444 0.127244 8.975997
1126.978930 0.126250 9.538283
1137.354794 0.123557 9.535970
1076.417494 0.127069 9.058516
1122.238424 0.126847 9.521393
1401.055622 0.095121 10.056966
1133.408301 0.124950 9.653510
1554.130549 0.087948 10.854822
1634.049674 0.083580 11.086169
1393.367210 0.095524 10.105711
1467.482758 0.089298 10.409525
1805.885087 0.074761 11.422872
2004.443159 0.066951 12.041002
1670.819320 0.080240 11.198672
2063.168683 0.065205 12.086025
2414.573364 0.055456 12.773263
2296.004961 0.055613 11.828868
2694.412270 0.049210 13.267702
3079.698127 0.041183 13.172373
4454.183481 0.031320 15.228253
4719.188574 0.029477 15.146028
5309.381747 0.026873 14.677411
4837.742979 0.028946 15.047915
5436.358030 0.026611 14.590725
5187.724394 0.027459 14.978455
5590.391617 0.026303 14.554911
5210.797021 0.027331 14.943340
5614.502208 0.026236 14.518325
5621.752686 0.026229 14.514771
5225.260169 0.027282 14.835741
3846.755306 0.035007 14.853188
6651.210106 0.025117 13.500037
6673.048050 0.025108 13.480749
4904.649014 0.028605 15.060521
6775.353706 0.025023 13.331526
3352.113208 0.040017 14.441541
6379.713564 0.025413 13.890523
6771.486979 0.025027 13.339247
6868.630736 0.024959 13.160094
6846.358921 0.024969 13.147856
6423.211942 0.025274 13.632258
6935.133862 0.024925 13.041235
6014.285248 0.025744 14.162600
6215.265121 0.025532 14.016657
6835.830490 0.024980 13.220151
6955.733421 0.024915 13.005128
6974.602305 0.024907 12.972308
6697.054009 0.025094 13.464830
6398.816839 0.025301 13.760133
6379.855886 0.025329 13.773563
5541.189995 0.026451 14.599374
4023.821977 0.032516 14.077287
2226.488327 0.058997 12.373307
2734.375956 0.048247 13.115971
2490.962620 0.052801 12.658814
2314.353371 0.058357 12.544596
2641.508061 0.049205 12.832989
3747.124781 0.035441 14.761161
3348.990218 0.038913 14.212291
3660.135853 0.036169 14.555517
2783.507260 0.048155 13.576249
3783.353839 0.035237 14.790043
2585.579203 0.050289 12.945099
2330.881395 0.056362 12.556158
3523.674594 0.037025 14.336240
3519.665416 0.037161 14.347755
3802.503766 0.035059 14.747556
4597.069341 0.030685 15.406420
3612.417506 0.036867 14.558890
3911.801652 0.034207 14.770760
4381.680392 0.031289 15.067942
4956.444360 0.028243 14.860430
5432.210788 0.026718 14.666575
6806.603269 0.024999 13.273280
6807.204474 0.024999 13.272167
6195.739487 0.025558 14.041458
6859.683432 0.024964 13.176010
6877.109796 0.024954 13.144524
6879.474730 0.024953 13.140267
6912.900278 0.024935 13.080534
5525.211674 0.026459 14.550099
5187.650997 0.027339 14.893329
1408.627914 0.104813 10.474912
2161.343754 0.064625 12.285521
2140.627612 0.065351 12.270220
2626.999138 0.051524 13.189109
2764.433547 0.047204 13.338163
2873.403344 0.045459 13.466050
3267.055090 0.041101 14.068401
3362.928344 0.039882 14.473121
3838.381385 0.034301 14.506498
3529.167615 0.037530 14.452390
5152.462427 0.027388 14.842743
5161.610151 0.027373 14.795465
4496.463494 0.030088 14.915485
6959.980232 0.024913 12.997720
5549.973482 0.026406 14.350641
5891.681920 0.025864 14.183928
6609.276586 0.025145 13.567832
5902.748618 0.025863 14.175522
5618.760887 0.026235 14.393700
5658.433855 0.026161 14.376302
6974.602305 0.024907 12.972308
6944.705346 0.024920 13.024422
4079.271384 0.032896 15.000028
5641.234094 0.026205 14.439964
5276.160411 0.027164 14.958096
5714.685848 0.026071 14.378556
5073.183312 0.027567 14.812619
6551.764405 0.025195 13.637521
5102.707503 0.027448 14.803111
6954.276601 0.024916 13.007672
6926.886279 0.024928 13.032555
5815.213818 0.025921 14.308974
5302.171778 0.027120 14.952562
6763.424445 0.025033 13.353957
6172.061956 0.025529 13.916555
6907.995606 0.024938 13.089250
4225.532932 0.032315 15.028959
4014.588835 0.033576 15.021704
3703.837046 0.035566 14.643263
4034.841549 0.032969 15.002723
3807.295358 0.034615 14.741528
6133.949976 0.025567 13.959816
6205.507699 0.025492 13.888723
5245.138274 0.027169 14.610378
6836.757177 0.024979 13.217769
5921.081127 0.025853 14.133319
969.539375 0.141860 8.837281
1008.894590 0.133391 8.892506
1117.297166 0.124558 9.376431
1140.687725 0.116636 9.328372
1253.929952 0.108481 9.765730
1213.224910 0.109371 9.718461
1187.755386 0.112273 9.656155
1234.224366 0.109310 9.901234
1062.316218 0.127667 9.301688
1401.409782 0.092557 10.097577
1334.064122 0.104718 10.143670
1335.317074 0.103396 10.254979
1510.568172 0.087724 10.666499
1556.799111 0.083911 10.478140
1653.570312 0.081824 11.205271
1667.195083 0.079307 11.023850
1833.389981 0.070425 11.264445
1547.068411 0.084457 10.648239
2274.140814 0.057367 12.357239
3697.701874 0.034965 14.189760
3591.248080 0.036211 14.110678
2538.375215 0.050941 12.816645
3848.382152 0.034171 14.639850
2623.412442 0.049494 13.111703
3417.139895 0.038494 14.171398
3564.574981 0.036242 14.380204
4369.046337 0.031004 14.978678
3288.612057 0.039987 14.017403
4258.378208 0.031785 15.065169
4467.307780 0.029856 14.720914
4679.739757 0.029071 14.842573
4843.758128 0.028266 14.970478
3999.550000 0.033261 15.019695
4310.763491 0.031378 15.061265
4523.378068 0.029849 14.827951
5222.539503 0.027288 14.991820
4385.411242 0.030095 14.794190
5288.205592 0.027069 14.891991
5435.938921 0.026714 14.738088
3510.804383 0.037467 14.272097
3758.378295 0.034338 13.583463
5091.735649 0.027911 15.148676
6018.750251 0.025721 14.141803
5946.541758 0.025777 13.979702
6701.064717 0.025091 13.437561
6409.951024 0.025281 13.576706
5685.475423 0.026222 14.540838
6729.817293 0.025064 13.417740
6446.133599 0.025260 13.536220
6742.079933 0.025052 13.394365
6745.758725 0.025049 13.387375
6749.825150 0.025045 13.379661
5661.761183 0.026255 14.610999
6494.819382 0.025203 13.512342
5544.767854 0.026509 14.691106
5747.056884 0.026103 14.510615
5766.209713 0.026051 14.473800
6108.072557 0.025581 14.051833
4785.205690 0.028553 14.543979
6784.849061 0.024998 13.184902
5912.569862 0.025869 14.350655
6871.560902 0.024953 13.111220
6141.902537 0.025550 14.021430
5173.924310 0.027290 14.739983
4752.788004 0.028712 14.579522
6940.869029 0.024922 13.031153
6062.760333 0.025668 14.042757
6613.208744 0.025113 13.497425
6974.602305 0.024907 12.972308
6932.667130 0.024926 13.045578
6741.682388 0.025052 13.395121
960.030313 0.150876 8.756757
956.724702 0.151858 8.771591
892.177370 0.159891 8.587758
977.371576 0.145160 8.841008
903.092590 0.157567 8.382590
1051.470603 0.134856 9.205060
1060.766944 0.132836 9.254488
1132.538304 0.121086 9.313412
1238.986433 0.114177 10.014242
1114.301891 0.127056 9.599727
1376.390257 0.098543 10.270935
1252.402957 0.111961 10.036873
1418.052193 0.094247 10.185886
1465.722316 0.092840 10.607715
1516.734056 0.088421 10.699812
1754.287342 0.075746 11.370300
1833.897500 0.073686 11.569835
1631.711828 0.081511 10.908819
1766.381462 0.075519 11.473732
1678.794740 0.078965 11.114179
1647.915928 0.079275 10.718813
2155.269887 0.059920 11.866479
2128.426612 0.061731 12.210753
2014.286315 0.065034 11.755325
2088.825366 0.062428 11.987674
2342.460505 0.054521 11.946917
2958.584115 0.042923 12.168345
2773.630874 0.045898 12.206714
2297.367832 0.057080 12.391647
3032.634129 0.042560 13.520009
3128.052935 0.041299 13.649782
2875.401056 0.044807 13.021625
3172.432207 0.041115 13.979932
3218.654160 0.040826 13.974310
3659.258470 0.036114 14.374321
3704.541248 0.035368 14.392446
4372.195432 0.031310 15.132255
4923.912366 0.028849 15.131372
3901.958778 0.034752 15.078363
5019.731001 0.027959 14.953095
4668.216024 0.029717 15.286848
4209.845451 0.031358 14.689582
5359.897676 0.026959 14.894947
5169.832508 0.027515 15.032815
5363.620656 0.026947 14.901968
5479.476716 0.026772 14.852602
5525.005630 0.026674 14.815021
6380.769247 0.025414 13.905566
6062.369844 0.025801 14.253051
6081.943816 0.025743 14.235409
6087.431074 0.025731 14.225934
6254.154871 0.025587 14.061762
6432.327620 0.025378 13.860855
4481.693110 0.031250 15.419405
6724.091535 0.025077 13.432623
6738.456359 0.025061 13.404732
4944.842762 0.028643 15.147251
3367.137771 0.037977 13.820336
4094.902973 0.032439 14.824214
4509.407243 0.030613 15.298854
4845.687541 0.028919 15.191312
6932.746830 0.024928 13.047384
2570.249198 0.049913 12.817946
6884.190404 0.024950 13.131792
2943.760769 0.043865 13.400462
6974.602305 0.024907 12.972308
4090.656256 0.032921 15.034805
5889.001469 0.025893 14.232268
5379.666814 0.026852 14.845073
1163.386013 0.117140 9.454516
1099.671160 0.126379 9.325438
1092.564170 0.130313 9.396671
1318.595713 0.102760 10.070579
1498.655490 0.091843 10.832892
1467.019496 0.094464 10.607766
1504.685092 0.088039 10.587631
1763.608367 0.073857 11.140641
1710.993623 0.078609 11.196371
1833.002587 0.073319 11.567317
1862.490719 0.071530 11.604573
1929.365072 0.068537 11.811563
2103.156303 0.062208 11.973592
1900.578258 0.070740 11.846190
2003.842538 0.066031 11.995916
2085.818615 0.064990 12.217177
2235.519923 0.059494 12.499770
2097.900872 0.062786 12.016586
2204.400809 0.061362 12.565761
2689.439870 0.049220 13.324438
2518.972006 0.053541 13.107186
2633.175990 0.051049 13.397366
2654.872703 0.050834 13.405580
2569.902069 0.051689 13.228442
2863.239428 0.045162 13.211153
2744.997649 0.047208 13.369234
2720.613325 0.048419 13.454107
3166.446255 0.043165 14.110894
4119.676806 0.033071 15.171296
5083.263947 0.027953 15.028248
4939.039385 0.028614 15.130174
5167.880456 0.027859 15.120813
4973.745710 0.028489 15.217655
5987.902469 0.025827 14.290345
4213.560430 0.032266 14.920169
3670.314210 0.036381 14.756718
4164.950042 0.032798 15.200482
3759.891576 0.035446 14.817940
6587.608322 0.025155 13.543402
4766.763924 0.028653 14.509656
3328.262401 0.040335 14.440842
5289.154297 0.027765 15.096838
3830.068933 0.035353 15.024591
889.869361 0.161567 8.340854
870.412921 0.162727 8.293544
947.145521 0.147769 8.635291
926.902651 0.153145 8.575633
1019.113730 0.136907 8.907547
1052.366021 0.131024 9.060776
1181.504776 0.116904 9.589882
1541.948243 0.086723 10.638621
1594.164046 0.084740 10.865653
1763.140296 0.075514 11.372537
1934.929136 0.069543 11.927993
1973.163746 0.067570 11.771804
2307.053751 0.056962 12.493578
2122.754345 0.062417 12.137783
1821.510721 0.070673 11.005225
2191.182307 0.061239 12.424156
2276.179309 0.058036 12.477307
1986.931001 0.066158 11.759405
2624.058586 0.049061 12.801857
2572.019062 0.049088 12.321268
2712.000873 0.048772 13.082088
2769.584449 0.047570 13.431283
2524.427640 0.051526 12.270592
3475.428652 0.037173 13.729168
5252.351351 0.027155 14.955585
5324.501160 0.026990 14.917621
5406.572110 0.026808 14.855454
5023.498407 0.027776 14.755992
5727.163396 0.026148 14.547088
5763.900053 0.026107 14.521700
5427.192553 0.026773 14.846666
5453.916801 0.026627 14.705364
5881.641233 0.026008 14.431098
5157.049470 0.027628 15.078328
5860.143018 0.026014 14.442016
5892.948182 0.026005 14.377272
5903.226136 0.025938 14.386823
5922.823880 0.025934 14.394591
5656.223678 0.026346 14.616629
5932.564630 0.025914 14.361307
5437.088327 0.026627 14.711072
5431.649403 0.026761 14.671163
4371.835535 0.031092 14.993580
6664.050388 0.025130 13.533833
6252.134386 0.025583 14.060802
5514.765042 0.026461 14.679046
6623.201371 0.025169 13.594162
6269.491300 0.025558 14.041815
6698.850029 0.025096 13.477298
6376.563729 0.025422 13.918788
5709.255343 0.026255 14.551089
6073.096168 0.025642 14.147964
6731.347986 0.025062 13.414816
5474.258202 0.026514 14.686995
6725.434776 0.025068 13.426123
6465.507927 0.025228 13.608369
6230.198944 0.025593 14.066497
6500.042281 0.025196 13.589980
6736.726068 0.025057 13.404556
6757.417183 0.025038 13.365294
6431.512355 0.025317 13.812004
3003.969801 0.042944 13.711726
3910.463078 0.033432 14.656370
865.516316 0.167061 8.190854
854.767949 0.170475 8.182281
867.337326 0.165703 8.269661
890.213320 0.162958 8.359270
880.696588 0.163448 8.365074
954.152522 0.144428 8.698100
989.420167 0.137668 8.847017
987.096430 0.143516 8.864091
1024.421298 0.135907 9.066678
1037.469608 0.133994 9.161958
1048.403170 0.130571 9.039253
1115.075350 0.121928 9.287230
1262.332741 0.107108 9.958487
1103.518417 0.123306 9.266716
1135.530157 0.118528 9.419687
1337.041143 0.100174 10.190988
1352.665943 0.099315 10.191814
1396.093839 0.097336 10.323596
1257.156475 0.108379 9.819461
1129.159537 0.121611 9.419710
1207.521721 0.111242 9.739300
1304.953963 0.102131 9.684231
1280.575697 0.104751 9.930226
1177.245669 0.114353 9.545430
1254.888700 0.109109 9.833766
1470.418446 0.091028 10.644811
1446.989844 0.092792 10.499869
1336.574844 0.100883 10.070898
1407.574145 0.094947 10.385293
1619.049797 0.082050 11.045111
1600.548603 0.082498 10.933187
1339.916861 0.099570 10.135853
1643.510453 0.080308 11.036286
1504.401441 0.086533 10.564445
1795.538271 0.073116 11.386415
1476.793936 0.088002 10.551465
1769.099202 0.073609 10.708218
1715.821907 0.077120 11.253879
1976.656634 0.067576 11.833338
1571.629785 0.083575 10.509638
1695.422705 0.077788 10.830955
1839.812035 0.071940 11.478508
1903.664302 0.068224 11.769084
1896.318547 0.069700 11.782734
1876.537507 0.069921 11.689172
2280.327446 0.057985 12.486561
2183.005556 0.060245 12.239735
1984.976040 0.066883 11.999070
2021.847006 0.064801 11.419392
2284.739383 0.057239 12.534360
2420.041246 0.054273 12.710931
2020.386869 0.065273 11.917069
2069.597411 0.063560 12.065956
2240.774952 0.058624 12.571223
1986.225368 0.066232 11.797329
2337.936207 0.055936 12.311759
2120.310382 0.062437 12.132988
2688.296264 0.048438 13.046457
2475.776022 0.052955 12.486497
2364.355635 0.054367 12.319322
2483.796809 0.052382 12.625345
2044.021789 0.064514 11.865802
2186.582235 0.060031 12.391655
2354.849113 0.055913 12.797949
2465.413287 0.053184 12.971946
2127.610078 0.061730 12.179770
2508.401804 0.051847 13.070367
2459.077111 0.053939 12.942089
2790.375070 0.045725 12.909515
2923.333002 0.043442 13.281517
2912.676508 0.044546 13.744477
3495.642778 0.037621 14.309905
2534.404341 0.050692 12.802062
3371.707081 0.037724 13.919889
3272.685280 0.040208 14.211958
4670.097758 0.029712 15.296186
6746.279255 0.025048 13.386387
6974.602305 0.024907 12.972308
3873.641939 0.033545 14.594439
3589.112251 0.035827 13.799197
1320.112084 0.102403 10.010901
1395.567001 0.096547 10.252396
1096.384875 0.124847 9.228566
1440.186593 0.094302 10.447464
2131.160767 0.064167 12.260785
2022.733567 0.064507 11.785814
1872.459367 0.072150 11.610191
2150.030508 0.061401 12.270224
2260.525544 0.057590 12.070451
2780.115427 0.046472 13.381034
3071.347185 0.042583 13.908592
3307.541379 0.039093 13.966838
2971.774981 0.043054 13.233759
3143.753154 0.040739 13.495124
3802.573222 0.034697 14.679665
4648.215278 0.029344 14.397166
3592.596834 0.036051 14.090096
3849.073997 0.033564 14.683885
3890.292664 0.033051 13.481277
3543.534040 0.036236 13.957991
3501.954266 0.036900 13.824388
4546.315252 0.029473 14.987678
3881.647552 0.033129 14.236552
4258.101992 0.030791 14.643148
3963.604966 0.032907 14.577144
4355.905838 0.030535 14.746729
4243.864284 0.031072 14.959520
4203.438492 0.031107 14.429765
3967.894455 0.032704 14.594694
4185.736135 0.031585 14.832418
4058.134663 0.032220 14.802268
5620.863206 0.026527 14.734884
5633.067743 0.026442 14.699513
6674.492925 0.025126 13.524683
6678.542687 0.025121 13.516771
4179.971078 0.031919 14.870495
6746.872949 0.025048 13.385260
6788.734572 0.025012 13.306496
6830.581324 0.024991 13.235280
1201.484233 0.121420 9.934409
1597.835082 0.082739 10.968871
1702.405099 0.077283 11.139327
1533.310646 0.089427 10.925165
1819.226385 0.072414 11.106659
1955.042664 0.065979 11.420433
1834.741493 0.071824 11.336566
1940.807723 0.068971 11.863103
2227.985821 0.057054 11.839875
2028.716981 0.063003 11.401476
2212.631513 0.057510 11.746469
2726.744572 0.048368 13.043515
2610.618369 0.048560 12.472631
3239.254875 0.040595 13.962591
5301.343556 0.027032 14.574004
5830.407858 0.026035 14.448294
5628.852214 0.026419 14.663140
4994.165646 0.027885 14.898717
5121.582891 0.027469 14.907540
5965.439307 0.025868 14.316054
5670.359916 0.026369 14.656040
6387.283620 0.025374 13.842790
3020.508722 0.043603 13.966119
6330.639462 0.025389 13.772291
3937.675197 0.033905 14.969063
6605.710291 0.025131 13.528786
6616.173519 0.025118 13.515929
6530.074641 0.025192 13.609254
6036.930465 0.025706 14.198411
6680.415338 0.025066 13.405900
6094.295380 0.025651 14.149273
6880.743479 0.024952 13.137986
6745.984714 0.025033 13.349280
6944.988579 0.024920 13.023925
6673.600897 0.025097 13.482656
6316.129047 0.025432 13.929144
6948.562393 0.024918 13.017664
5909.298300 0.026002 14.413187
6974.602305 0.024907 12.972308
6596.613563 0.025154 13.579519
6592.324116 0.025159 13.582971
4758.000892 0.029495 15.217907
4683.463452 0.030041 15.430886
6296.837100 0.025450 13.962158
6658.829921 0.025108 13.503645
6657.279251 0.025108 13.504048
6232.693287 0.025488 13.997052
986.780758 0.139363 8.804950
1148.601464 0.119381 9.493248
1028.874683 0.135118 8.955066
977.631459 0.140879 8.795871
1108.889990 0.124944 9.429459
1020.547031 0.136865 9.026576
1207.365748 0.110358 9.501546
1198.269320 0.114300 9.767344
1268.895606 0.106426 9.963553
1335.848238 0.102097 10.067117
970.919311 0.149423 8.917568
1103.088085 0.125207 9.366308
1392.031261 0.098337 10.434512
1114.873393 0.121741 9.190306
1301.134184 0.103856 9.935636
1307.034948 0.103720 9.859897
1358.731699 0.098593 10.002498
1166.881571 0.115624 9.343345
1494.961417 0.089973 10.570369
1654.218114 0.079936 10.738672
1351.653187 0.099820 10.203156
1297.605684 0.106279 10.054379
1670.482508 0.078898 10.582568
1737.813521 0.075823 11.341466
1469.980676 0.092160 10.632492
1567.940718 0.085152 10.837519
1687.782959 0.076753 10.706438
1843.225049 0.070042 11.230349
1518.644377 0.086311 10.555385
1766.562925 0.075033 11.413612
1807.037475 0.072569 11.306116
1769.204664 0.073402 11.127806
2036.088377 0.063620 11.684714
2477.834415 0.052822 12.769221
2157.010300 0.058779 12.032174
1924.261689 0.066332 11.552019
2330.556948 0.055169 12.189981
2076.318609 0.062648 12.010016
2065.539522 0.062740 11.738140
2383.609815 0.053521 12.259456
2904.265692 0.044272 13.073387
2688.159905 0.047989 12.979850
2589.114901 0.050597 12.950529
2234.637527 0.058570 12.355630
2825.694712 0.046059 13.208343
2704.663296 0.047164 12.960693
2951.130663 0.044032 13.451989
2901.046957 0.044853 13.300040
2685.909984 0.049025 13.097629
3061.436551 0.042095 13.675969
3243.851323 0.039575 13.937195
3757.460198 0.034845 14.498521
3300.451347 0.039257 14.002246
3888.882924 0.034475 14.910927
2931.520830 0.044272 13.605977
3765.177522 0.034743 14.611633
5059.376821 0.027870 14.881207
5537.507021 0.026451 14.571967
4320.279288 0.031431 15.219032
4146.313073 0.032371 15.132045
4849.132035 0.029102 15.213546
4780.833753 0.029275 15.108906
4423.542787 0.031203 15.113219
3520.349895 0.036747 13.770633
4875.084717 0.029081 15.235648
2807.559667 0.046328 13.046255
5635.707614 0.026383 14.621357
6434.235682 0.025265 13.651141
6487.324376 0.025222 13.666732
6611.869191 0.025118 13.512016
6677.112690 0.025066 13.398991
4983.329725 0.029009 15.256019
5463.276283 0.026755 14.802566
4307.029633 0.031534 15.218218
3742.101816 0.035080 14.694619
6730.165803 0.025042 13.343407
6403.578966 0.025292 13.675664
6451.597175 0.025241 13.654375
4634.703356 0.029626 15.082012
6209.916343 0.025507 14.014806
6744.089105 0.025028 13.327480
6236.362832 0.025479 13.992197
6579.879255 0.025135 13.481945
5076.813958 0.027609 14.877185
6963.084233 0.024913 12.993387
5992.127714 0.025727 14.052034
5686.030074 0.026177 14.515743
6974.602305 0.024907 12.972308
6000.212499 0.025718 14.010049
6050.159982 0.025633 14.001973
6240.563184 0.025422 13.848768
6657.865919 0.025083 13.329995
6294.778823 0.025394 13.813015
6604.737326 0.025126 13.466315
1375.515773 0.104528 10.323869
1587.332631 0.089275 10.869373
1616.830666 0.086777 11.045333
1681.202436 0.083096 11.258748
1771.595672 0.079572 11.520614
1832.128797 0.074512 11.687615
2073.419145 0.065972 12.095248
2134.397834 0.063928 12.236484
2315.397909 0.059203 12.683250
2417.254952 0.055994 12.929028
3196.753471 0.042145 14.172870
2926.824628 0.046027 13.868760
4623.970965 0.029392 14.996351
4449.671625 0.030503 15.035114
4697.148410 0.028986 15.039110
5515.016367 0.026692 14.807850
5484.207317 0.026738 14.794517
4148.515747 0.031872 14.165495
4791.612021 0.028592 14.895023
5660.686975 0.026290 14.617735
5717.106214 0.026210 14.573046
5197.987406 0.027465 15.041972
5256.388232 0.027305 15.004974
5626.711432 0.026477 14.699496
5314.835702 0.027256 15.012168
5521.370280 0.026567 14.757097
6314.659175 0.025478 13.977162
6662.751128 0.025141 13.547698
6667.267475 0.025134 13.537481
6704.403535 0.025090 13.466561
6711.618534 0.025089 13.456092
988.259412 0.140524 8.862710
1138.035347 0.120618 9.488317
1025.706721 0.135679 9.014294
1069.335025 0.126448 9.042705
1130.777203 0.121874 9.460287
1179.697769 0.113886 9.514101
1277.974152 0.105925 9.948356
1397.532298 0.096354 10.318426
1430.699231 0.092497 10.312889
1235.259141 0.108706 9.554164
1323.739183 0.102394 10.028505
1614.749907 0.081665 10.810307
1430.246119 0.093238 10.311644
1471.429954 0.090527 10.533533
1334.985860 0.100103 10.054109
1671.961172 0.080198 11.231471
1764.197222 0.075410 11.172733
1818.949400 0.072766 11.329164
1751.219689 0.075557 11.347359
1885.897685 0.068285 11.393401
1638.349139 0.080788 10.962552
2172.536557 0.060018 12.078107
1694.731630 0.079287 11.354847
1956.233147 0.065826 11.386396
2127.489652 0.060093 11.726637
2198.564222 0.059988 12.317159
2056.996008 0.062651 11.564431
2241.509119 0.058470 12.409034
2749.966886 0.047026 13.161155
2304.950234 0.055279 11.985568
2403.393142 0.054460 12.759741
2444.076620 0.053308 12.694208
2715.785739 0.048703 13.202003
2280.476584 0.057255 12.109053
2645.254256 0.049083 13.222293
2430.553706 0.053993 12.867292
2768.368924 0.046289 12.909989
2884.505295 0.045404 13.375590
2837.164794 0.045584 13.515952
2961.011636 0.043602 13.561954
3727.640106 0.035999 14.722275
3090.095342 0.041404 13.797305
4906.871413 0.028631 15.080851
4150.279129 0.031835 12.758117
3939.082605 0.033232 14.714797
4851.119911 0.028689 15.110700
3696.771373 0.036002 14.444480
3462.999965 0.037678 13.580658
4329.930789 0.031263 15.061034
6098.780566 0.025617 14.070985
6391.250743 0.025294 13.594559
3867.374490 0.033390 13.886031
6308.464586 0.025372 13.719020
6484.566746 0.025209 13.610476
3202.061601 0.040464 13.831157
4691.505468 0.029369 14.975729
6637.726135 0.025093 13.343430
4379.547179 0.030968 15.057040
3573.704271 0.036370 14.514770
3442.405172 0.038350 14.417261
3552.834765 0.036995 14.501392
6974.602305 0.024907 12.972308
5462.490789 0.026552 14.621946
5576.750442 0.026355 14.573294
5653.483135 0.026285 14.569609
4647.186096 0.029859 15.211990
927.499999 0.149042 8.487583
1340.362158 0.102159 10.314545
1546.575907 0.086867 10.838031
1238.146412 0.108090 9.690359
1614.020787 0.083629 11.017620
1572.810132 0.085098 10.813525
1363.135089 0.095783 9.964948
1660.747953 0.079212 10.855180
1780.291414 0.075037 11.496634
1700.696134 0.078924 11.222115
1968.050458 0.065185 11.603143
1810.793772 0.073329 11.451423
2207.334514 0.058169 12.068748
1791.356511 0.074406 11.359875
2280.376751 0.056105 11.999710
1893.048388 0.068133 11.087594
2659.281235 0.048537 12.243254
2566.252249 0.051125 12.851788
2595.584286 0.050248 12.919260
3313.927162 0.038325 13.291792
3029.252891 0.042936 13.583795
3060.403966 0.042265 13.140428
3735.850241 0.034898 12.517531
2693.951378 0.047180 12.938539
2480.378494 0.052128 12.293687
2493.118177 0.052001 12.382450
3764.186259 0.034773 14.264217
4159.034046 0.031687 14.581800
3904.508928 0.033112 14.288117
3299.965546 0.039622 14.010138
4491.765731 0.030142 15.014957
4649.151220 0.029243 14.802667
4766.943082 0.028652 14.396586
5238.236814 0.027248 14.620393
4262.469034 0.030623 14.621956
5717.080716 0.026173 14.442496
3528.870245 0.036806 14.340858
4120.693037 0.032539 15.027801
6172.241007 0.025542 13.994380
6368.646431 0.025330 13.773781
3155.749698 0.040190 13.063773
4741.809600 0.028921 14.638995
3657.214861 0.035001 14.236113
5263.849207 0.027126 14.625001
6373.544002 0.025323 13.742051
5903.698603 0.025891 14.323480
4259.237729 0.031515 15.074061
6517.932550 0.025180 13.539724
6712.457794 0.025060 13.223976
6808.895414 0.024990 13.127439
5778.996301 0.026041 14.208809
6844.729455 0.024971 13.077519
6281.538811 0.025411 13.713449
6895.383776 0.024944 13.043244
6554.857101 0.025151 13.481324
6974.602305 0.024907 12.972308
6596.855826 0.025119 13.453234
6460.330206 0.025244 13.692940
6641.513624 0.025088 13.436857
6442.540239 0.025289 13.777663
6660.127614 0.025076 13.403624
6069.927461 0.025733 14.229506
6438.208874 0.025297 13.765388
6665.706528 0.025070 13.392271
6771.308069 0.025026 13.339121
5850.917153 0.025934 14.337874
6772.870378 0.025025 13.336187
5075.858353 0.027987 15.018842
5871.258902 0.025927 14.366006
6794.322151 0.025008 13.296083
6782.221518 0.025017 13.318662
861.525745 0.165480 8.166236
895.450994 0.156587 8.321944
936.019607 0.149669 8.572657
961.471692 0.143544 8.757971
999.816080 0.138678 9.004741
1004.280540 0.136758 8.785404
1035.590066 0.131776 9.005101
914.357862 0.149881 8.521841
1117.387367 0.121313 9.357928
1166.211332 0.117239 9.724035
1209.131554 0.114403 9.860394
1409.833843 0.094569 10.251349
1297.729133 0.104709 9.916256
1376.409181 0.100405 10.419233
1313.505822 0.102976 9.850191
1698.127694 0.077795 11.134929
1921.005573 0.069925 11.882205
1543.613393 0.085132 10.404575
1960.400157 0.067492 11.700683
2014.075208 0.065767 11.700475
1857.506836 0.072510 11.480987
2387.991681 0.054987 12.382645
2531.731440 0.051761 12.867162
2565.744260 0.051207 13.038011
3023.255780 0.042379 13.229763
3179.865773 0.040967 13.597945
4033.306637 0.032549 14.501797
4749.652224 0.029452 15.162302
2974.779318 0.043045 12.230588
6368.739380 0.025387 13.853928
6716.827743 0.025077 13.442630
6722.714755 0.025071 13.431333
6725.193377 0.025068 13.426585
6859.274510 0.024975 13.184182
3424.548639 0.038264 14.146979
1149.781839 0.117852 9.576929
1456.664274 0.091397 10.464343
1682.019287 0.078887 11.162043
1607.044836 0.081426 10.538960
1621.308959 0.079770 10.486043
1788.508663 0.071353 10.846694
1860.708336 0.069230 11.188390
2082.474537 0.063057 12.205151
1959.173767 0.064769 11.318358
1949.582966 0.066087 11.390284
2464.699164 0.051943 12.032825
6974.602305 0.024907 12.972308
6828.915929 0.024978 13.106000
6774.644883 0.025015 13.227578
3234.564786 0.039995 13.439674
4259.731242 0.032105 15.174399
3444.975985 0.037793 13.937155
3840.152090 0.034017 14.312148
4976.847173 0.029405 15.351357
6744.872866 0.025049 13.389057
6275.296422 0.025469 13.971199
4695.284502 0.030392 15.446498
6295.089020 0.025465 13.965396
6859.893771 0.024964 13.175629
6032.980848 0.025804 14.257073
6026.115327 0.025807 14.264453
1061.366024 0.130345 9.049035
1165.994745 0.120195 9.609336
1187.836819 0.116125 9.732601
1360.860056 0.096225 10.249563
1259.393471 0.107650 9.952400
1298.451231 0.104303 10.102184
1359.822791 0.098779 10.303374
1427.287893 0.091614 10.202611
1646.705618 0.081337 11.099382
1582.967317 0.082310 10.777395
1535.608370 0.085921 10.444501
1727.535862 0.077172 11.262553
2026.115598 0.065836 11.940417
1644.413712 0.081950 11.040065
1670.227522 0.079766 11.064366
1537.689124 0.085476 10.378356
2170.362072 0.061276 12.247883
1731.070517 0.074781 10.779882
2107.901523 0.061611 11.765661
1827.160254 0.071307 11.098052
1711.892401 0.078561 11.180501
2223.118369 0.059220 12.176547
2268.208681 0.057035 11.391384
2401.957599 0.053985 12.417003
2442.023455 0.053603 12.688266
2554.201776 0.051241 12.985321
2922.464436 0.043221 12.529779
2297.169626 0.055707 12.178646
2599.730937 0.048834 12.042506
2892.814284 0.043317 12.535137
3484.132688 0.037847 14.278572
2809.684537 0.044516 12.920900
2703.668267 0.046037 12.431334
3437.653233 0.038311 14.355788
6827.501758 0.024985 13.234736
6833.005169 0.024981 13.224640
6808.752226 0.024998 13.269302
3176.340139 0.039684 13.035929
5475.317714 0.026591 14.728405
3034.091329 0.041911 12.584715
6858.727228 0.024969 13.180983
6702.354880 0.025093 13.470519
3995.483986 0.032660 13.842946
6712.286635 0.025082 13.451362
5141.209451 0.028158 15.151114
4315.974782 0.030726 14.780576
6267.267651 0.025517 14.024144
4254.237592 0.030927 14.746469
4486.695628 0.029812 13.139396
6450.148161 0.025264 13.739077
6974.602305 0.024907 12.972308
6114.391616 0.025626 14.139718
6377.345425 0.025343 13.832581
5861.356166 0.025928 14.353766
5893.548168 0.025898 14.330639
6415.220014 0.025313 13.804859
6515.356528 0.025224 13.682483
6567.513380 0.025174 13.615433
6472.911210 0.025255 13.732480
6062.193865 0.025684 14.171889
6661.441884 0.025109 13.504797
6676.842331 0.025103 13.492429
